56615817261
28681628765
85483302734
87684576504
28862667277
03727562781
38882402316
18320742481
41702770342
36562583223
30670403101
37765153269
42551177332
48864221055
72112613525
08421752067
05462665356
77078471420
35250103666
71707647641
25053466840
30573850549
83577235803
47038514817
33827775207
02316160718
53641171227
05070785562
70008108113
54580135157
44034883650
54060106801
65577757118
73045857841
10416466133
63818155770
24260541107
22886730880
80821346659
72332008258
61721522813
00635528482
82857543266
40172241339
08517152065
18408121434
88701026127
02218434260
72437133381
73647125829
15065361402
67025176669
40253301655
11232728821
05082061523
62802300285
17287642254
21244277873
36875104758
73327185028
26245385104
18274371188
32771852053
26020236530
20372426278
11234216072
55675583771
13855262617
02742123439
44778013134
82253681660
40138537028
87428644246
43523358257
73457778774
14872548004
45454237574
20740534704
18884774136
20458601240
75568323325
71560081631
41681751362
83508378409
17726440203
03723228643
16454536166
27753445462
67183813616
64318247752
70858322772
65442765478
80487826523
81053435624
53860618445
16373447701
52687181082
83572101240
13712831810
02388828549
58605181831
50351115519
66420436629
54441460018
52400485372
31217562623
22252512656
85202064789
24400640389
74781884759
38214152712
56504112428
56073320360
71084403360
83515037303
21527106013
41160615831
36361223179
47850830770
36701368031
78567270018
26673483470
26621741185
48885031038
45156010378
24681208161
52221864581
03625848118
48022575467
08513186505
40334527203
20714451166
54604813300
85806660024
50344320200
38105303150
00734205156
82782344020
37112444163
51680503110
56178084044
81058083817
62418138103
82252087315
88576622158
14722557544
00150716066
35472470737
03707344820
13805541805
66866063788
16367475510
03440410607
14845756007
48557100400
40101523401
68661228053
57783172216
80778117509
38738337567
42137273878
36518218858
67343326442
20211637432
65866225017
07135458169
25883168368
71742548135
34162121627
82624400147
01030180309
84181668371
82007821836
73100413522
61142258369
47216887332
08203767424
76334364783
58600563132
44557668256
66383734788
58375065578
12352283209
16520851565
67373513620
43548426766
78726154186
88361813269
31870160863
15745345544
64176461404
06422862182
22080542123
47470052060
63330826049
12578213188
61343725463
67818743857
10017300251
73034818218
70556674409
57547648741
77240704815
67415748721
84557768847
02553152154
06004111313
63742543612
64154810267
68558744642
06744060226
18575725462
01137147813
60485564631
66336865531
46582783703
63325847638
52488763385
46650578308
04321738785
05763758058
51425313858
67757343545
26111805854
66867037468
64635058288
50871784406
01215818145
55347643342
16730666365
42030763728
44704542834
36126403611
55541626143
47847834174
21277518789
35126526231
22378305563
46731155217
41483283069
50305447547
71485283734
23714360411
65526144855
58651127647
06356126570
63811646346
78462642402
56167883232
07841176071
76247357510
22606625535
18800746259
42422450744
72014626435
66262233175
33701802440
80030082780
84766472579
36200021842
24071803274
30400825565
53322475368
21648386759
54506537882
52103343761
72202471545
46267367152
07768150562
05764583364
31770500424
77111176036
68140082378
20052202452
82080085218
63757480064
81116732645
76881456453
83036078117
45518311480
08372525116
45376501016
58400178743
46283386855
71027602235
35407013412
10264648352
43488416439
58002064713
52202004025
54088010688
83682156464
57540862166
65652846679
68225046314
15800327239
26148136034
45003323016
64758176156
45577622835
50828550223
23725137105
42302257672
80718070271
22462227731
06722264881
32300218131
17801663281
03661868442
00845135631
37453711204
54824630146
34627787715
36810776660
65645532162
87366237607
55772011205
04685160444
38377465836
05288873739
56540215359
02156043222
21380207254
74748486268
53404842279
72167535359
88806600867
85722248680
87326574859
46550682580
12301281171
78600571224
42371311822
87874773556
73311620758
03361761681
26376800616
64806452880
57573786555
74834813300
77642388829
66428348628
34235682274
34538342527
75581174523
58640704308
12726252633
10402263585
58701083246
06105240300
83133158101
28421601247
28268732279
63828183648
66238022819
07554561204
14510468086
81518333224
00108224825
41756480509
47770534437
26011087165
38164057200
85585045413
18040842306
15617015050
60187888627
28438367030
08545651351
66448844267
06712847109
55852653637
74636715786
24716154877
12267383532
36254712031
38463024844
57221840531
11517181365
08515581802
56725476545
33748041580
12075663828
83354508588
01246156325
02844681276
43558873238
78163260512
81558274007
35207360658
52337437728
53782856461
82635618240
14627414783
38600570782
83008881415
57307811422
17020643130
66153324372
43257101675
54627501221
80817807342
64543510669
17565328667
86018068832
44666781867
47557414357
73110615082
84212654549
46186487719
78102804313
16825824861
30112471229
52428068358
88481636533
13185855155
43577858459
58881085268
37741051850
35247781616
44646060747
66803304352
06481443429
84107371456
51823128742
55750483582
27442145085
78774651778
51372452816
37308816232
02062015280
76541010641
05805775318
43008023889
42750332241
77584621773
02358734057
44524524210
74662303739
58172124180
45243455024
07600551274
88772538521
65824747227
75263610372
24524826211
40448726709
32071128055
61148615828
37210254233
23204717104
77651214684
63505025641
85435057402
41653161517
12078181216
15752121283
37312003066
28001501585
32407510737
21056424126
36243483470
32235546085
26158686480
68276376032
12168660764
68754363809
34042366483
13475710326
51664247643
24518143151
48616256730
60533440644
01743656033
35355368719
01805537808
03787583727
73201104236
31285087339
57863651402
55434746651
86877064567
80573164888
11531403100
66844644832
17825426376
80667723417
22572456055
77718263823
55176383572
21213473842
35718814011
86837057479
45754358831
48144670105
28404287683
87480501839
57237856455
28174322835
24875108342
04041168511
31728046132
73255261031
10528534281
62028674661
81733241863
58611308675
05286174361
46160700376
74717554658
60725840320
88828786017
77548012051
51710653125
28672176709
48242151206
73662771267
51323845316
76607651759
72753634061
65832601531
83476317504
28140382061
61337128633
11728221117
30212875337
72875240516
17706176603
40638043188
38611782368
76105340053
45003540015
81500788419
06465785100
24877463414
40080026129
15232040202
01284563226
30504632768
65831861235
71817201289
07403067866
41144672023
02551556166
35641474446
05587848101
62324604115
20278348261
34431387710
55444457737
30501415332
37463263774
68322835445
22575152016
01024867259
45046603580
02523576136
23112720133
38848561833
35534620568
31278281576
63401122831
14322614877
44127854550
65678774806
03070564863
56147544383
33343553856
33668737472
42477557310
47654328260
87757803355
30605831137
24058402280
46116181689
12337252170
30700866863
13077586256
58881804668
33360274618
77531638201
20622582714
36160462143
58816385148
74726866366
44611641802
77174888766
00557712742
07682467456
42582576353
02778627485
64033211877
21753536560
61040358477
16842344711
75784825640
15055212706
66451660683
20442404172
38673038261
87718511543
63170204463
50852360333
44703082766
68064761627
61031382825
50583465450
25302824518
80725803086
26723622671
62275324770
56518558384
03385711670
06868425072
21163488642
21606668248
61528045554
45885075213
31818104536
17041230420
84100203375
52273234188
65700381653
57750562282
16453260446
54363065357
06253257312
47343481330
63576768673
58818546440
21525213365
72130057317
01105678302
48461740846
10314635417
47488674624
27806484864
43607104080
76010800282
54281407483
83882565738
53626840044
08574102771
71266366807
32251205848
36865838738
85187620266
62706384724
35581236573
63556317376
08262602033
46882262010
58703564524
26635156800
75304153481
62010277762
02416200083
58334300249
15522457603
23028434431
68852016135
72762375789
06774551128
11712485447
21886222641
54105574278
40275563704
55152650119
58633025166
70775108775
42232634511
11111278740
61002747808
40460155712
14263852627
37076606567
87122204289
43367518156
26418522137
44085738241
67468575849
54252417016
27203180214
86433525408
30682200073
74404008877
01332011202
21100037577
51444448560
66716385274
28552672116
77668768359
05365623353
63263783167
03763121237
40605677745
62525322517
10578118829
28177810158
88202174350
60666601566
72872017644
60853847675
15470085760
78847037039
68080134759
50252673889
31275775364
44003643531
67105052145
84752866453
17056815784
66547881632
51561813828
65262361424
53222618752
31456502058
66463163684
41356504070
28347781289
72458331369
53770041589
15470144203
40865540328
17372026272
35362304129
01706774245
02555188024
07167823108
83467301723
11450160541
78854522303
15767448879
58405675461
14176676188
00235765021
44770501029
24511553216
33825308258
48726225005
50605803654
68614147855
31662378319
25637224251
85765887055
72701327214
42368130086
08031714846
50865557263
07148747467
07085872765
06472676870
61654801069
54348846533
28030715701
18306582331
03743103784
47211263885
51147327244
01377160500
02583585548
13080465464
57315835165
15017347228
22408503070
35223148509
23570108623
37424504431
75484303732
01232272474
45367127458
10774427552
28173730210
45354480118
05348114249
02846331854
86744410175
60487430641
87751717502
38264602566
58223343771
23654601857
06473020805
43812406072
75116302821
22502523222
61824641007
53058175075
44241347671
83474111040
34531355880
46125670037
73846617535
53700247256
42438076327
61237037231
00006644447
30072886853
76810801662
31836344106
84587766225
08685335336
28722716785
84162274363
42868404767
85474826204
22048853034
12688316731
43116773771
75864574639
12343161274
56635423314
72610608217
64522244421
27754471467
54618077223
66154862768
76767886229
80600047338
53416513686
02262437169
03852725864
31656801508
05667803737
20207116201
06410503319
88083512710
20040058461
63522832565
52730342202
52314825754
17705741506
64461626588
76100670363
00701800187
48144800868
67488677609
72378840408
53556240363
88715128877
86114011579
52783002125
82736668011
30711777505
06727408707
05783700718
04753408139
78214551687
45051485246
33453428089
17736381355
12628031606
82407601572
45033436077
04167000167
00363118829
22547750830
04124230337
54433854285
20611524412
43820374304
60655552119
47327155843
22681282426
80005014859
80442440212
35373604020
80136867001
06305608116
67664635124
30454034270
16734454032
87071385311
48518542526
37640581056
75833614136
05105865348
17728746631
71886712851
82737405843
20370018739
42623534866
33564878008
07553334843
12861440480
81813338787
52270053466
14602502305
11024450832
63666624364
50201743288
65405648133
83048645424
44110770300
43802031427
58874318452
28411820724
60252170703
58480065331
10086836623
75206324065
38338371479
16054428160
85136152403
03013311620
43677101651
33060150134
33131431604
00720148337
21066025764
65437662870
23388348502
14245426805
22358084410
57772120762
36162324606
41008254322
63768857201
76657073557
47105167242
75387665088
31166275862
55103143164
43235226727
46741861531
40580887558
01356114544
30878175535
85382338482
52850773251
11071147117
72862276143
23726485867
27547822125
81181678400
75558740439
74817374817
66257637315
03046735811
16671513543
66345815378
65257365745
32531010182
34564647088
08665008705
28380426362
46721886276
25502086702
36127318107
18524116318
21770136154
73583106536
65023431854
52052743383
14314605081
07666312264
78482368616
23551663323
07684008274
33701435886
33387350300
16832346627
84612301105
24807262852
21374426423
34221688319
77113410326
58767510363
58762506812
60821147158
57021120142
80180515209
33782850029
32671146655
48657141684
25526371650
00515460483
38541313151
34723346218
30261702044
84702810676
21265356804
51646105075
64347288777
32621535742
01676806266
06700551556
60024726758
75113324349
70241207672
74062475863
73667585076
28182463084
07454716676
40151754138
70582076520
45465485246
56013224052
21840766667
15430407567
57685482010
51410124203
31617308585
64237067307
37760376337
00847780020
41517757815
87665273840
71414378613
11637284206
35747524540
67405223354
26280257689
24018313742
50833254209
21247533082
52375316016
56520114424
64704457536
80160440733
76883737173
74445544286
67617483523
78485256370
07727010022
22351147735
44486871666
78657466013
71570043548
67032723677
63356115475
55781545128
23102306273
01582816888
21714684228
42337234787
75443310307
85186288321
40068428529
51656887679
41031145851
73717810748
65784002423
00223377235
83821805567
81020266474
04331608382
40706483845
50815408765
61848150647
47054762050
54077250212
72568762677
77162624736
70462701882
61454643463
37758366316
06058053106
61020150530
64477041202
86763340717
05843107706
22187208453
25053238413
73650334276
17153682327
33425237287
43130828551
03033522065
23551602305
24685100174
10835073858
87822807167
86836761865
66643745764
21165687175
16073068369
24666341847
67787402030
78046505422
38360336168
03308127533
60751634183
07760165345
45104076778
02062251067
33735424641
41104054444
22272583539
05070528053
46546812218
00424837086
37334851617
44161862576
70321668082
76341116580
86744204214
52134308460
88825641306
06824066374
87544164632
80244814226
54842237056
37154411401
61811603572
56386145579
27664531608
77830360531
17773237429
38332722305
53054808737
20670454279
48256162131
23167388638
75863083764
51368802255
48281014455
75821877810
00570372342
27588145683
06778456589
01178860209
84273145874
62000740837
85444042478
14102465003
64312672021
45314830444
50126678064
28067820804
28454836843
11854785448
88863551466
60453238853
37326615079
70872271252
58035305745
67386112287
52317740257
03250881863
68767168260
04775041249
23676664461
68311426255
07305312683
53531734704
24136737319
64272628716
05534542021
61031041355
71667687330
70643306346
04761841842
32582153212
36277667576
28061242039
00555888635
37162275400
30718274746
47075463514
43158206607
43828535781
41468048875
31126020549
33748877686
83331140547
51038102524
40111116402
27015566659
28620306465
63423353638
28645575607
70727348446
62010162071
64603546645
75034128506
62011152287
65233023384
65015452348
21268202252
82004821433
78248848760
24025130030
84810301774
52154162854
07330766226
40765580085
74447314712
34188222201
01874017013
76452064025
02573445745
35800286615
32334881433
77116310366
06103718778
33251121266
36536532769
62364604165
58832812562
63004144612
28722418747
75802223828
71545623721
35446705200
51215024137
63363654672
86635822033
22610553806
37654005687
00883412207
08482054254
13563266256
56713412379
48481601853
00542763743
74137758202
64261245654
38165130279
54342877468
35075748083
08538478564
87050243226
75888483288
85731432846
32146855070
55700243201
22003086646
24501487847
05166855709
06714172860
42806200574
60025177514
60742871811
15885474559
08036110701
71343521853
03723617753
07002251481
37763047653
36045242058
77275337309
16827363777
28613211300
24774643480
31180845450
07428775121
35688303409
46555686214
33155585178
70627032645
37272830474
31616772435
06045752406
82736063825
78726556364
68586341270
45067552039
68864638272
70754503269
28764366770
37125375750
80158321671
70507588286
37158782625
31844561709
64344026048
64462348349
13450046589
52042504101
44655738506
71482872034
64440410245
00510315484
70340286163
06211173403
22481236705
64781673245
27126738759
31031411205
56676455316
61663104455
23105571543
14275322312
34618383383
56286026218
66623216463
38783531304
13758704707
71152324266
81063578520
55303200558
73556616578
03855565259
01416175345
15748042502
36135368052
41350557009
37230301626
32373406571
64260641234
32735483615
88871812710
50611558847
26673722844
64151180417
81876000043
51151521666
12853434772
78800461234
43700871841
44661764355
82463036416
31026844543
27856376275
52435024675
18532555135
35257477642
37327763258
16430438065
44643317330
70485734613
30628788413
25620861077
46256024103
24234413409
88156627072
25364223823
60351272111
88526312538
44700801051
30044673603
27478333209
38336668306
00505843540
56075160475
17375858283
07462606364
45882530467
24153200480
28325348689
46474356535
01515350666
68002861331
08154623618
77277067045
28208517558
13563270456
30273558582
52076226209
70827227805
28213355622
00614148369
11127781414
43000777524
72630621117
86856140743
21232473542
00652808833
84475438630
84313470241
77638160836
51047663565
72512820811
66112570776
55836656417
87271708700
54768702208
13516178707
78531723134
61455217473
00830705281
72655881786
07003353351
58106670118
37428346367
85335713757
45580822166
23012081222
85874220636
62171628001
04555444449
25885220217
72184412830
41061052209
73341751631
15142487584
46401664860
78728388253
66755064756
30518245383
65313307251
56380142135
61883486567
40437031400
54887687074
73545058783
20305361014
40655216725
34812723780
75231752520
71355745614
42024576714
32580428103
28252426276
82064854001
25635601039
50205135713
66854546638
61036360016
01213360371
21231563814
82021416688
74067364351
84540327537
81762072478
27382507161
32628576301
42388300230
20564673356
71702454456
33673881661
25303378118
31121110386
17748715756
88586158631
68602540541
57426552071
14871711579
17687655476
00230247629
20434856389
02475074684
66803858423
71826188071
30678367639
02660884723
56564101469
54470337558
67402367048
23784468458
53132705285
28227562544
61208274151
81328205422
32302800860
14015407126
06133267077
10630747805
78562135455
70264024822
47238637004
62141624841
43540642238
46534817146
77407643657
05622216363
35050663414
42417634575
68312000711
22241102817
32666140804
61518670270
83315688735
73481184254
22737211445
88335724287
85268454106
58763370234
65116743777
50255715240
80481552810
41538101159
45028374580
83763541022
68740147688
24155373624
30681727704
56484680758
08050101263
37158743080
64623568553
78155785757
76521626556
82450503485
71213652689
55002533531
48182226729
13115113014
07474372633
03505272652
04517648368
01605570827
08237508752
27077184672
04577125661
50567883025
60524650342
46385018786
18714721000
22173443361
58707645329
06878338570
64670373683
48277583083
23848506350
61678285083
40768516185
32147685781
26187342683
45737552518
42325875161
04778611451
26736603700
57510855315
02321504330
33201155679
88545164530
11783886861
11358113477
52558304185
68414271160
62585767742
53247188518
22307001747
10046627831
80767265236
65872284800
62776115644
70418608512
25504600807
46786344070
21007535236
24406808238
85720306159
60740751015
70423684102
72551666117
86316273282
27283532482
57365134030
44574483473
42135352005
21517848749
32814837731
58230703108
06542618662
75587003056
00220404149
00236505731
44345254062
71182735721
51131076013
72255208208
46810187883
75385113529
61530768060
11073858125
01406064525
78764281826
68825020263
75715648228
53534146088
50820226459
76110665619
33104656252
60535003739
87334456131
76554556340
75560723407
82734738345
70331321888
37313105217
84378682771
68065156843
54284006464
58082380609
22578774469
75244477289
54022218850
15688438124
33031367643
03257085443
04671601559
03864426360
00136013174
50175073845
72236516612
27011386136
52050824326
63331420578
55113172534
08463282783
24456672484
86026082874
42610706683
33748651727
47415557785
71640564473
04148710884
20808344061
55475357145
06888477863
17007630522
57657647723
00652717885
26760065222
51865302023
22748445818
85246440870
50630330061
52318170264
47113534839
16341403620
86652147082
40408028435
40611270444
34302413835
08663531633
72582170477
25271861566
42258644261
84088528322
48583071203
58132213438
68765737702
17487020251
44613457611
70277874486
55542863067
00086223781
05038470323
80317663302
71335507704
77468544489
18346556527
63780365407
84767485414
10861374840
66611087769
12261637750
50080318343
16278350455
46520674451
43183832476
88072463610
21233634886
04433274208
33656882017
68664246425
74777007076
80514358557
51602518360
40714136120
31357007488
56472206657
41866786688
25401248171
41112580109
58220473050
88788227457
02385726753
18850757800
55000246854
83551125434
17764433508
83474602873
50884314571
60808366250
55767670023
83622266027
77722111513
44513206159
78272441656
00655432151
65435140606
88837831101
54151654149
77045720602
27880086767
44036816070
25025027704
57547528331
81017372541
05085665379
87330017606
22654835663
73356435658
07018801873
14614161348
44755638580
16625143777
02245361080
83814233751
80566586519
00538281122
68738358412
24437721442
42060375104
43725880553
68060256572
37522304569
47356010349
83151866585
65603726228
61684314349
44675546483
11207881019
08762143280
72673154828
84642028306
08832712221
80122436274
17035181589
24254386212
32122437059
30855163322
61257573321
64043070446
88663517311
45675705029
73657037468
03073630273
68300564249
77811450707
65024707849
51375738344
65400450782
65124108401
33362337058
72557535571
14026434374
25040546241
32040832480
57103567657
36705641730
81273864835
57022768022
87543371402
25267606553
16532563356
22324837701
01060233259
73157373439
58472284676
07716330217
32062731685
54043404810
37260626405
37220051348
53485812647
66064776363
70744340624
72626155138
51610344064
82338378845
01065347401
61632045573
58172885434
47274276444
37338086012
44631023114
17654183056
80863858801
27362676838
21034367835
61337878153
35511726073
54602143106
10827052407
53731881404
51133014384
74533786120
87425155410
67270864266
34155554420
60167561640
62404250649
33602612880
21830756561
85385200465
57807833843
45375087488
71070480802
02233031554
56778542037
31337316769
25527632761
16332865217
23674074283
50516306821
42672387174
56017367204
67100052025
42331277139
28728637829
53671006541
27872430312
78266003330
48631446316
21284162282
18803285412
24158685222
84514347545
16817125368
27022211273
04123333108
20018136026
67262776064
17738636178
50028473887
48031416802
45251312075
63484287287
73580005426
71363587149
73153518805
05678275644
26212167014
30372516317
00083535179
32205444576
74058213104
03202886655
13353784260
15486258534
37840611430
25126036620
60788266512
21261367003
23660265226
57168543874
03883322038
28527366471
17071102465
26373850663
12813500050
10222827403
12847167264
40364741336
46286773539
56304386370
80824448635
34040745241
15626133589
23457831412
43220571079
07272761003
52385065017
64812844708
62380288852
62265605865
02504128113
72636443482
47430137076
32680017350
08646288186
01781421365
36711221766
30807854168
70655003724
76213630155
83420835312
55217283856
13820486143
65378661154
01237552433
48771412805
13008486337
14223231656
28762305069
05515661709
64480585278
14301152824
12055140714
56106431721
52735533201
48120053540
66572416643
08080478145
47526474771
18034437238
73124181758
68873701012
67584718588
85161338240
01347240606
70020040070
73025452142
33335243235
41634038446
56840464020
47551100473
54346452607
24268255023
28285567211
40448782041
45751321733
17207284484
50670013536
70134407074
87840730201
40255283182
23013271186
83781284753
70781707222
66716635140
84612357719
08154058260
84300634056
36220211837
74156306370
06647610077
10884286641
56466241777
31540773442
78745533204
62267686277
61285055713
43187570064
46543627817
30788551239
21552320711
26735600715
34138372031
01112335854
33157672883
67335561147
78555520572
72832180367
46065800321
12370141041
46777402614
33432118272
41342583840
06774544677
18514520149
63404554063
26003401762
35207205465
03282671738
25050166039
88164726882
81367515640
65685086319
08424886763
46204727484
52111636511
73277166432
22015766607
15087365688
76621347558
15846811212
88758566256
74382726144
80187026242
55044526857
42184563528
31210618273
12075344155
52265418682
65805438721
10257376607
53110854238
73611540318
13271203567
53338372062
45782868025
63465643185
13230873641
53378253081
24418707840
52557374114
58350643530
44011861877
26513233150
02608410441
70112866838
83645566635
03766167542
23808048245
18438678734
54052361315
38051872760
66283273861
30313386572
00076747039
71842537723
04654214222
85422640822
83263854545
77162523276
75805255439
21874542760
01872335003
26373165039
81258048651
78321330710
11452426429
38772167029
81766681159
53588623438
71264066011
50538862363
10574414644
30718756882
13121384211
02011517865
58168224820
24134775683
66557432854
81230828170
73571752200
35522505789
06700383430
02867125417
54116766889
73334458509
88086837643
23651022826
08725347838
86030108822
30660117158
82326024203
63550778680
58871040133
76425760279
07633068502
84563011182
03528214210
06044115324
15703703080
70131245014
44714835061
74558171455
61655016865
26533357658
03216400311
21017857356
38843572777
18646051443
30710512671
53352205263
33363463127
22682252154
33484243572
47763738052
61872824521
10026172311
45187822270
23721703603
72357263705
75525402725
52385165148
88604702675
86141620483
64770277420
88573175374
57325881324
27742270633
51005634731
50441875247
63227471669
48732356034
52770231240
68625851552
05516854360
08406214125
64400023277
14702583163
76750715344
58200116281
05762646627
07780421678
68348257855
06146818684
63310580731
81865270664
51307551369
20870710520
88863660416
56673705689
72422576032
66836632381
48603245480
87183782140
10388637521
38060000171
44741032815
58407550522
04701767206
13847552141
65846536418
01088154776
06256516110
43311433023
17132223722
26657237728
36017557871
27723238815
88884274213
61657350072
71054728382
41357835713
33811113431
61828451858
10578545435
00574648366
27205810339
66750127608
63572317764
63260082548
61651804132
00763240330
15162706483
78441011240
48426385125
63114070582
42280647316
57304172174
53542251284
67603776781
85565314649
66024351737
60005403070
33028036144
56232847170
43034217638
53880451108
51621187262
50634104777
30027460267
06150684444
48855701016
11658158362
42578360812
45182077177
00532051521
73082000842
53024553421
43256570557
62663824829
11222848365
16483211278
56165401243
06727787506
11477077645
20225368750
72756706551
25863874076
64883308559
76741333470
37862110014
71687844309
17430425235
61532834423
07781317222
45638537204
83081537553
75332782376
60818747218
10721747805
85636362460
58081218719
28784812761
68443560369
76356043158
63355035567
06800166289
23733827028
01082306836
36050142805
74087265703
21122265628
81187364187
67384773049
76415427806
20027514437
80776026447
82467715064
53616142211
32258500621
51007885745
85352331533
07365835722
23052035880
64364575262
44383170030
08260427649
04732721420
52658705265
28766471107
15132784537
46552188180
33176721430
27546342331
74440676463
75113138285
41280535158
51403572558
77546246024
58308305877
71302550687
07413650115
42134174475
35656476708
38725081087
12814581703
60034725006
26316401848
26440685589
12711630504
52125488768
65850787873
78464533716
52763126225
27182463532
54871435662
53864780050
41538207709
10126161446
02548856471
60706377417
70313651377
56520442726
31623065872
57776543373
86461134214
05082048736
45504063525
66874531842
84812614018
03188708550
36870844085
07667214360
60384151506
04426420362
53607214748
27174105646
24010076438
52723466760
76846140788
15205833807
12260156356
46803416042
11041184422
15028726121
00241644426
67274238434
27240144710
33537241136
10461716614
81280213232
68384660020
73356286820
13403354783
43515786556
61862376607
55252486265
81372662601
24572223261
74062548818
24800333106
27687026586
11413000834
64373087259
12638572045
28827048027
02021834201
25030544289
32142426744
72722268355
32001076614
53415062537
51210360502
54834085273
32412582754
48481434305
67255787425
07534210278
48538604710
37604446163
57081252637
78571817275
10531356581
11108455830
23058586282
17222042719
88723168840
08560770557
76270183205
48830644356
21828700449
87388572304
03347386447
03152834606
54182053642
76285578738
25656657688
70082843171
21828654620
67318182861
12485306133
28655833300
48373838118
15845558681
64487470235
17058382007
17125778716
58754308623
50533600370
33306045015
18577370671
05642564362
27875775226
05166107531
00627444144
02617858846
40670546643
60453684320
85663667641
45652421855
32301808724
53038811062
55208620629
70815003226
72384178157
14807772620
30614234513
70766666286
86422746585
30546440758
26386355155
33800402084
20181646421
37084022724
31037205031
72007680845
45404138641
65347834676
53525478656
88327724840
73044335617
63122658535
17642120525
42535302857
65477101664
33271101645
77871752737
76575663513
72642207137
17000478333
18164608582
62226772770
75872282530
31150011117
35034005047
23468175411
72433648150
87758481284
25884402220
21044435051
61885563421
85042764010
06662760773
34064871881
41578325841
65233687303
48377205447
85707287000
02151618622
77351701410
41851087720
06178280183
80878174103
80462856578
25370511427
37820635144
37765687662
00504282443
73812052550
03087150151
04443750536
83287783068
75602616643
07184440241
42775752639
54237725178
32452625240
11860240172
01006464505
80751580640
50404730744
87867278605
75468380607
65062651479
16538880457
58840186736
63066088806
14406206582
52037833077
36230550281
65381622813
75473608364
72002424314
78231748316
12068220404
24101507655
76240033126
63537382531
26313753431
23676200662
12055312180
60573035221
74418407800
46043507832
33231606022
25400783558
77830326474
83864380726
33352375423
80105505111
27675806106
02102838147
02512210275
27512418701
52360874169
73246618364
52620801275
76045661105
23744873250
07680131047
16111047268
36882448487
60368881458
88147083187
38722002037
01087406144
55652600655
56038773281
51046352830
66618464847
70557334706
34338880502
24843471665
57564653277
48881878267
38314315326
81545382673
63037670575
21344555376
64682817115
64136714413
35402268110
41420400180
63154235129
61503233415
23631710524
65542222628
77451577553
15062257256
07622238686
84021650225
04861345033
10088061550
58761051760
13587222665
06886437612
55367065830
18552573406
51357787855
46186717354
33265774167
67885071133
40112657149
58843438159
05105076763
34552644212
24350034187
17263463360
07050830368
00607682523
28077764760
42875516272
48003145504
28180470248
88156712254
43528358815
06801145662
80248604060
43840648752
60083356786
82578325589
43336063169
41148673811
46103165240
61635625868
10677688623
27568835147
45704527824
72157278051
87856688616
68340845053
84853845760
18357522475
83764644403
40144102007
68484657017
57742568249
52613862086
76345721740
22225742117
25242461744
41388576252
11080877522
20202882146
23203441730
30102625107
21088356445
06583175663
30406142056
23832702676
72287132327
75338535232
58720415049
41275450827
08206511076
88732758516
47365326405
36161716232
53751845768
36715143776
20826178384
11653131125
48431426260
65685341482
13548668469
44422181246
46461634886
01104268683
10461243304
65636065115
06372470739
11012706419
70661436827
52533364130
88121401702
37856173234
27424101213
85328731519
12356435334
11001838074
16111585358
74765647784
04544827308
03037007113
82862144829
80423505462
30377285744
68145070220
54320522078
61556476523
08546512065
50570248810
22535214880
16220205864
68512650364
01621150737
70481478041
22168314205
54713312350
03721506487
36468064229
82688552775
53401842108
85878205120
40545007227
14004415833
70433388850
40440525174
71275624170
87370254200
07608287038
22183627029
86146657670
78868034733
30574153588
41756027052
33836215112
31481710841
21305488658
83625514761
14230106180
68637125854
23327406320
80341550020
53068382877
78176430359
57745843847
01688281060
52108236655
54861385067
25580424486
42430031460
44303140501
51068061301
26260514000
56618242434
61838368670
02836772372
15727853259
82347175034
11512381853
33330183782
66327108453
68145220361
10580783404
36503743647
80342838226
51441171801
70208568454
77547606317
41225865157
12528156842
20480657756
77258146073
75034072167
55142044274
64165735065
23636544852
37468050184
15042464477
32621885246
24161587480
85754273630
81767288756
27038348754
46507361353
80408355446
25357148672
62747374544
72260443667
36302234541
28456368175
62423848365
02511212165
15868188861
64373683644
77208662179
12044883481
32703387475
47285484284
64044023089
11404035260
41742547189
76042806232
13373375289
60708433804
01052776141
88823332015
81121740831
25228763402
12343201518
07525057142
07027536684
32350225556
80582163012
71870530210
62221670607
10071432735
16317013379
61116648629
80625025558
65310327872
38214625279
25272202760
36313351474
30463163631
32854344580
85256431645
23542505104
73864387201
68727228584
53000283662
37606534156
85505172545
84777316252
83766730671
26134060511
06225782868
03551845369
67852271161
50425787855
71858716823
61443325552
77772353320
72365387033
22218040149
05135283751
56725508065
74633765826
66270547624
52104405783
10658367817
85868250375
68264120780
10545100769
11610130061
83102832801
41204622512
76667763015
17767363181
00065477762
27005734887
86738057685
73825702589
32271865860
80063818415
68453330679
71847648178
20335365258
86576434319
52156775513
53546522375
14871053204
13265151772
48830812144
74144372435
82458760277
15011387659
21604874376
26573262156
16141746814
70756001213
45752473780
16336828443
11520470433
27025433080
17776324513
47663883479
46523245382
42172720866
28488334146
68171745232
13117253438
57624415113
56211884731
55620443618
03732746486
78512782158
10237204853
67728544700
70535332111
55701732277
12405282273
28033772709
51050374134
30102557326
06217534566
46576757879
53118835213
41447128137
37320808365
47261624705
43320146756
66664077774
47487454689
51407227571
68408830534
51054286342
85176688050
48266703460
81318476371
78252276858
10054856181
52847637627
75173827389
02402030239
06452760140
61141373862
58102207451
74028367287
37484383809
14723177573
78508830672
03767440377
81052627650
76487770042
02340808159
60001810302
36463365134
53187238869
81337223838
76010465581
71170256177
15746238623
00681588232
50071126739
42413283138
82827763614
73440482112
56640322733
26686054136
40148101849
07812085137
68248564582
54875754357
36556600348
66600030523
81105650071
42860373663
51274350514
65765615623
20487465559
85744623415
40822676827
82284811773
27402180015
75805742667
46026463086
33688764878
75034387383
74821167884
18075334641
40328121005
45232024179
46406441686
73345432170
53241087880
84380632483
56383288018
10677647025
44843187624
73627664631
88114527778
10424666054
37173821424
78408177273
01704488566
64551364652
21587117389
48344446462
56254347182
23130127030
38886488584
31301143017
41430688279
87588250578
71530573147
85801672560
34444424641
28880832242
72241504025
00255321846
11465460712
23371623457
80244352276
38438648255
41701527370
88268544405
55340373459
78703026217
13838186032
68112360380
02457303606
46457548801
44406740561
63158080430
48310277669
40217716113
04670660556
55615403445
06227478036
53113647712
72620667849
26838285737
60831222512
80176136101
34560812785
05500774657
18373565284
73737881372
01753646825
55386326379
46632150382
03486322153
63447230689
78208022638
37478554175
21660112729
25783672584
43512768300
00304212186
04084058843
84651858080
34266328102
07015606044
66004884541
78467277642
36501687358
15565777164
15038481188
80680340009
62387448673
82642577728
85376474566
57184123065
23302688512
86364458587
14753101824
51737163744
44356261535
28622271568
81257380063
42346641386
22214222576
57744743188
20102483813
57168222057
28188733282
14701012057
73334841787
22174068043
74101431778
72305820408
38242818516
75315450348
32642507423
37333375360
12101723786
04815036456
34602260456
67383105771
01480650272
53782662232
48275824604
37541668606
28531178722
68805842181
60145828707
08820036211
12322146817
77741876054
83326148364
12263426269
60634745149
02843840204
71554620162
10657424528
52123336605
17820423238
44827741214
32570214729
27521061450
52223157562
72813256707
54351751430
82754672523
71743568009
34847461315
14767475073
24568465264
80566812501
55325536666
10481080033
24832640650
21003232812
23068571019
22036456626
72686047555
05850887885
33857466263
81355814567
81885684068
60643278413
40478458389
18060107150
55855010041
70644011010
53774513179
83685756542
13537323381
75827740731
23558157071
27006380433
42781727484
26786627880
36314500582
10566624846
43345276364
68231528610
12153774414
17672621236
60023776739
12804604309
76832160253
86170566854
00151678646
58464342003
20750164616
31486211621
85800367410
41685248803
58772713424
75716525524
87142100632
50248540341
45337321553
72333033438
60340508021
00047431762
67455668631
10142072650
53383402434
77865800435
37183782350
00701330714
44282417151
84001338023
06367806020
